0.54456
0.54245
0.54026
0.53980
0.54067
0.53726
0.53491
0.53530
0.53596
0.53375
0.53675
0.53238
0.53375
0.53358
0.53571
0.53868
0.53247
0.53763
0.53473
0.53616
0.53070
0.53603
0.53376
0.53648
0.53402
0.53116
0.53461
0.53529
0.53624
0.53641
0.53750
0.53485
0.53837
0.53406
0.53767
0.53538
0.53414
0.53497
0.53263
0.53847
0.53932
0.53755
0.53794
0.53524
0.53858
0.53936
0.53534
0.53628
0.53317
0.53295
0.53622
0.53769
0.53189
0.53865
0.53765
0.53572
0.53761
0.53454
0.53392
0.53435
0.53526
0.53525
0.53635
0.53514
0.53771
0.53653